Ouput from build_symptom_tables.py
Disease, PFIC1; ** as reported **; unique symptoms, 39
             ID,   disease, 0001396, 0000989, 0000952, 0002240, 0100626, 0031964, 0012202, 0002908, 0002028, 0002014, 0001395, 0001508, 0001397, 0001394, 0001744, 0001892, 0034445, 0006580, 0006554, 0008897, 0001510, 0004297, 0000407, 0001733, 0001732, 0001402, 0001433, 0033197, 0200123, 0006829, 0001409, 0002239, 0002020, 0001928, 0001263, 0000821, 0001541, 0002480, 0000365
           ATP1,     PFIC1,       1,       0,       0,       0,       0,       0,       0,       0,       1,       0,       0,       0,       0,       0,       0,       0,       0,       0,       0,       0,       0,       0,       0,       0,       1,       0,       0,       0,       0,       0,       0,       0,       0,       0,       0,       0,       0,       0,       0
           ATP2,     PFIC1,       0,       0,       0,       0,       0,       0,       0,       0,       1,       0,       0,       0,       0,       0,       0,       0,       0,       0,       0,       0,       0,       0,       1,       0,       1,       0,       0,       0,       0,       0,       0,       0,       0,       0,       0,       0,       0,       0,       0
PFIC1_2010Davit-Spraul01agg,     PFIC1,       1,       1,       1,       1,       0,       1,       1,       1,       0,       1,       0,       0,       0,       0,       0,       0,       0,       0,       0,       1,       0,       0,       1,       0,       0,       0,       0,       0,       0,       0,       0,       0,       0,       0,       0,       0,       0,       0,       0
PFIC1_2010Davit-Spraul02agg,     PFIC1,       1,       1,       1,       1,       0,       1,       1,       1,       0,       1,       0,       0,       1,       0,       0,       0,       0,       0,       0,       0,       0,       0,       0,       0,       0,       0,       0,       0,       0,       0,       0,       0,       0,       0,       0,       0,       0,       0,       0
PFIC1_2010Davit-Spraul03agg,     PFIC1,       1,       1,       1,       1,       0,       1,       1,       1,       0,       1,       0,       0,       1,       0,       1,       0,       0,       0,       0,       1,       0,       0,       0,       1,       0,       0,       0,       0,       0,       0,       0,       0,       0,       0,       0,       0,       0,       0,       0
PFIC1_2010Davit-Spraul04aagg,     PFIC1,       1,       1,       1,       1,       0,       1,       1,       1,       0,       1,       0,       0,       1,       0,       0,       0,       0,       0,       0,       1,       0,       0,       0,       0,       0,       0,       0,       0,       0,       0,       0,       0,       0,       0,       0,       0,       0,       0,       0
PFIC1_2010Davit-Spraul04bagg,     PFIC1,       1,       1,       1,       1,       0,       1,       1,       1,       0,       1,       0,       0,       0,       0,       1,       0,       0,       0,       0,       1,       0,       0,       1,       0,       0,       0,       0,       0,       0,       0,       0,       0,       0,       0,       0,       0,       0,       0,       0
PFIC1_2010Davit-Spraul05agg,     PFIC1,       1,       1,       1,       1,       0,       1,       1,       1,       0,       1,       0,       0,       0,       0,       0,       0,       0,       0,       0,       0,       0,       0,       0,       0,       0,       0,       0,       0,       0,       0,       0,       0,       0,       0,       0,       0,       0,       0,       0
PFIC1_2010Davit-Spraul06agg,     PFIC1,       1,       1,       1,       1,       0,       1,       1,       1,       0,       1,       0,       0,       0,       0,       0,       0,       0,       0,       0,       0,       0,       0,       0,       0,       0,       0,       0,       0,       0,       0,       0,       0,       0,       0,       0,       0,       0,       0,       0
PFIC1_2010Davit-Spraul07agg,     PFIC1,       1,       1,       1,       1,       0,       1,       1,       1,       0,       1,       0,       0,       0,       0,       1,       0,       0,       0,       0,       0,       0,       0,       0,       0,       0,       0,       0,       0,       0,       0,       0,       0,       0,       0,       0,       0,       0,       0,       0
PFIC1_2010Davit-Spraul08agg,     PFIC1,       1,       1,       1,       1,       0,       1,       1,       1,       0,       0,       0,       0,       0,       0,       0,       0,       0,       0,       0,       0,       0,       0,       0,       0,       0,       0,       0,       0,       0,       0,       0,       0,       0,       0,       0,       0,       0,       0,       0
PFIC1_2010Davit-Spraul09agg,     PFIC1,       1,       1,       1,       1,       0,       1,       1,       1,       0,       0,       0,       0,       0,       0,       1,       0,       0,       0,       0,       0,       0,       0,       0,       1,       0,       0,       0,       0,       0,       0,       0,       0,       0,       0,       0,       0,       0,       0,       0
PFIC1_2010Davit-Spraul10agg,     PFIC1,       1,       1,       1,       1,       0,       1,       1,       1,       0,       0,       0,       0,       0,       0,       0,       0,       0,       0,       0,       0,       0,       0,       0,       0,       0,       0,       0,       0,       0,       0,       0,       0,       0,       0,       0,       0,       0,       0,       0
PFIC1_2010Davit-Spraul11agg,     PFIC1,       1,       1,       1,       1,       0,       1,       1,       1,       0,       0,       0,       0,       0,       0,       0,       0,       0,       0,       0,       0,       0,       0,       0,       0,       0,       0,       0,       0,       0,       0,       0,       0,       0,       0,       0,       0,       0,       0,       0
PFIC1_2010Davit-Spraul12agg,     PFIC1,       1,       1,       1,       1,       0,       1,       1,       1,       0,       0,       0,       0,       0,       0,       0,       0,       0,       0,       0,       0,       0,       0,       0,       0,       0,       0,       0,       0,       0,       0,       0,       0,       0,       0,       0,       0,       0,       0,       0
           ATP5,     PFIC1,       1,       1,       1,       0,       0,       0,       0,       0,       0,       0,       0,       0,       0,       0,       0,       0,       1,       0,       0,       0,       1,       0,       0,       0,       0,       0,       0,       0,       0,       0,       0,       0,       0,       0,       0,       0,       0,       0,       0
           ATP6,     PFIC1,       1,       1,       1,       0,       0,       0,       0,       0,       0,       0,       0,       0,       0,       0,       0,       0,       1,       0,       0,       0,       1,       0,       0,       0,       0,       0,       0,       0,       0,       0,       0,       0,       0,       0,       0,       0,       0,       0,       0
           ATP7,     PFIC1,       1,       1,       1,       0,       0,       0,       0,       0,       0,       0,       0,       0,       0,       0,       0,       0,       1,       0,       0,       0,       0,       0,       0,       0,       0,       0,       0,       0,       0,       0,       0,       0,       0,       0,       0,       0,       0,       0,       0
           ATP8,     PFIC1,       1,       1,       0,       0,       0,       1,       0,       0,       0,       1,       0,       0,       0,       0,       0,       0,       1,       0,       0,       0,       0,       0,       0,       0,       0,       0,       1,       0,       0,       0,       0,       0,       0,       0,       0,       0,       0,       0,       0
     THES123_90,     PFIC1,       0,       0,       0,       0,       1,       0,       0,       0,       0,       0,       0,       0,       1,       0,       0,       0,       0,       1,       0,       0,       0,       1,       0,       0,       0,       0,       0,       0,       0,       0,       0,       0,       0,       0,       0,       0,       0,       0,       0
     THES123_95,     PFIC1,       0,       0,       0,       0,       1,       0,       0,       0,       0,       0,       0,       0,       1,       0,       0,       0,       0,       1,       0,       0,       0,       0,       0,       0,       0,       0,       0,       0,       0,       0,       0,       0,       0,       0,       0,       0,       0,       0,       0
     THES123_97,     PFIC1,       0,       0,       0,       0,       1,       0,       0,       0,       0,       0,       0,       0,       0,       0,       0,       0,       0,       1,       0,       0,       0,       1,       0,       0,       0,       0,       0,       0,       0,       0,       0,       0,       0,       0,       0,       0,       0,       0,       0
     THES123_98,     PFIC1,       0,       0,       0,       0,       1,       0,       0,       0,       0,       0,       1,       0,       0,       1,       0,       0,       0,       0,       1,       0,       0,       0,       0,       0,       0,       0,       0,       1,       1,       0,       0,       0,       0,       0,       0,       0,       0,       0,       0
    THES123_101,     PFIC1,       0,       0,       0,       0,       1,       0,       0,       0,       0,       0,       1,       0,       1,       1,       0,       0,       0,       0,       0,       0,       0,       0,       0,       0,       0,       0,       0,       0,       0,       0,       0,       0,       0,       0,       0,       0,       0,       0,       0
    THES123_102,     PFIC1,       0,       0,       0,       0,       1,       0,       0,       0,       0,       0,       1,       0,       0,       0,       0,       0,       0,       0,       0,       0,       0,       1,       0,       0,       0,       0,       0,       0,       0,       0,       0,       0,       0,       0,       0,       0,       0,       0,       0
    THES123_103,     PFIC1,       0,       0,       0,       0,       1,       0,       0,       0,       0,       0,       1,       0,       0,       1,       0,       0,       0,       0,       0,       0,       0,       0,       0,       0,       0,       0,       0,       0,       0,       0,       0,       0,       0,       0,       0,       0,       0,       0,       0
    THES123_104,     PFIC1,       0,       0,       0,       0,       1,       0,       0,       0,       0,       0,       0,       0,       1,       1,       0,       0,       0,       0,       0,       0,       0,       0,       0,       0,       0,       0,       0,       0,       0,       0,       0,       0,       0,       0,       0,       0,       0,       0,       0
    THES123_107,     PFIC1,       0,       0,       0,       0,       1,       0,       0,       0,       0,       0,       0,       0,       0,       0,       0,       0,       0,       1,       0,       0,       0,       1,       0,       0,       0,       0,       0,       0,       0,       0,       0,       0,       0,       0,       0,       0,       0,       0,       0
    THES123_108,     PFIC1,       0,       0,       0,       0,       1,       0,       0,       0,       0,       0,       0,       0,       1,       1,       0,       0,       0,       0,       0,       0,       0,       0,       0,       0,       0,       0,       0,       0,       0,       0,       0,       0,       0,       0,       0,       0,       0,       0,       0
    THES123_147,     PFIC1,       1,       1,       1,       0,       0,       0,       0,       0,       0,       0,       0,       0,       0,       0,       0,       0,       0,       0,       0,       0,       0,       0,       0,       0,       0,       0,       0,       0,       0,       0,       0,       0,       0,       0,       0,       0,       0,       0,       0
    THES123_149,     PFIC1,       1,       1,       1,       0,       1,       0,       0,       0,       1,       0,       0,       0,       0,       1,       0,       0,       0,       0,       0,       0,       1,       0,       0,       1,       0,       0,       0,       0,       0,       1,       1,       1,       0,       0,       0,       0,       0,       0,       0
    THES123_151,     PFIC1,       1,       1,       1,       0,       0,       0,       0,       0,       0,       0,       0,       0,       0,       0,       0,       0,       0,       0,       0,       0,       1,       0,       0,       0,       0,       0,       0,       0,       0,       0,       0,       0,       1,       0,       0,       0,       0,       0,       0
    THES123_159,     PFIC1,       0,       1,       1,       0,       0,       0,       0,       0,       0,       0,       1,       0,       0,       0,       0,       0,       0,       0,       0,       0,       0,       0,       0,       0,       0,       0,       0,       0,       0,       0,       0,       0,       0,       0,       0,       0,       0,       0,       0
    THES123_160,     PFIC1,       0,       1,       1,       0,       0,       0,       0,       0,       0,       0,       1,       0,       0,       0,       0,       0,       0,       0,       0,       0,       0,       0,       0,       0,       0,       0,       0,       0,       0,       0,       0,       0,       0,       0,       0,       0,       0,       0,       0
    THES123_161,     PFIC1,       0,       1,       1,       0,       0,       0,       0,       0,       0,       0,       1,       0,       0,       0,       0,       0,       0,       0,       0,       0,       0,       0,       0,       0,       0,       0,       0,       0,       0,       0,       0,       0,       0,       0,       0,       0,       0,       0,       0
    THES123_162,     PFIC1,       0,       1,       1,       0,       0,       0,       0,       0,       0,       0,       1,       0,       0,       0,       0,       0,       0,       0,       0,       0,       0,       0,       0,       0,       0,       0,       0,       0,       0,       0,       0,       0,       0,       0,       0,       0,       0,       0,       0
    THES123_167,     PFIC1,       1,       1,       0,       1,       0,       0,       0,       0,       0,       0,       0,       0,       0,       0,       0,       0,       0,       0,       0,       0,       0,       0,       0,       0,       0,       0,       0,       0,       0,       0,       0,       0,       0,       0,       0,       0,       0,       0,       0
    THES123_170,     PFIC1,       1,       1,       0,       1,       0,       0,       0,       0,       0,       0,       0,       0,       0,       0,       0,       0,       0,       0,       0,       0,       0,       0,       0,       0,       0,       0,       0,       0,       0,       0,       0,       0,       0,       0,       0,       0,       0,       0,       0
    THES123_172,     PFIC1,       1,       1,       0,       1,       0,       0,       0,       0,       0,       0,       0,       0,       0,       0,       0,       0,       0,       0,       0,       0,       0,       0,       0,       0,       0,       0,       0,       0,       0,       0,       0,       0,       0,       0,       0,       0,       0,       0,       0
    THES123_173,     PFIC1,       1,       1,       0,       1,       0,       0,       0,       0,       0,       0,       0,       0,       0,       0,       0,       0,       0,       0,       0,       0,       0,       0,       0,       0,       0,       0,       0,       0,       0,       0,       0,       0,       0,       0,       0,       0,       0,       0,       0
    THES123_175,     PFIC1,       1,       1,       0,       1,       0,       0,       0,       0,       0,       0,       0,       0,       0,       0,       0,       0,       0,       0,       0,       0,       0,       0,       0,       0,       0,       0,       0,       0,       0,       0,       0,       0,       0,       0,       0,       0,       0,       0,       0
    THES123_232,     PFIC1,       1,       1,       1,       0,       0,       0,       0,       0,       0,       0,       0,       0,       0,       1,       0,       1,       0,       0,       0,       0,       0,       0,       0,       0,       0,       0,       0,       0,       0,       0,       0,       0,       0,       1,       0,       0,       0,       0,       0
    THES123_246,     PFIC1,       0,       0,       0,       1,       0,       0,       0,       0,       0,       0,       0,       1,       0,       0,       0,       0,       0,       0,       0,       0,       0,       0,       0,       0,       0,       0,       0,       0,       0,       0,       0,       0,       0,       0,       1,       1,       0,       0,       0
    THES123_249,     PFIC1,       1,       1,       1,       1,       0,       0,       0,       0,       1,       0,       0,       0,       0,       0,       1,       0,       0,       0,       0,       0,       0,       0,       0,       0,       0,       0,       0,       0,       0,       0,       0,       0,       0,       0,       0,       0,       0,       0,       0
    THES123_280,     PFIC1,       1,       1,       1,       1,       0,       0,       0,       0,       0,       0,       0,       0,       0,       0,       0,       0,       0,       0,       0,       0,       0,       0,       0,       0,       0,       0,       0,       0,       0,       0,       0,       0,       0,       0,       0,       0,       0,       0,       0
    THES123_293,     PFIC1,       1,       1,       1,       0,       0,       0,       0,       0,       0,       0,       0,       1,       0,       0,       0,       1,       0,       0,       0,       0,       0,       0,       0,       0,       0,       0,       0,       0,       0,       0,       0,       0,       0,       0,       0,       0,       0,       0,       0
    THES123_294,     PFIC1,       1,       1,       1,       0,       0,       0,       0,       0,       0,       0,       0,       1,       0,       0,       0,       1,       0,       0,       0,       0,       0,       0,       0,       0,       0,       0,       0,       0,       0,       0,       0,       0,       0,       0,       0,       0,       0,       0,       0
    THES123_295,     PFIC1,       1,       1,       1,       0,       0,       0,       0,       0,       0,       0,       0,       0,       0,       0,       0,       0,       0,       0,       0,       0,       0,       0,       0,       0,       0,       0,       0,       0,       0,       0,       0,       0,       0,       0,       0,       0,       0,       0,       0
    THES123_296,     PFIC1,       1,       1,       1,       0,       0,       0,       0,       0,       0,       0,       0,       0,       0,       0,       0,       1,       0,       0,       0,       0,       0,       0,       0,       0,       0,       0,       0,       0,       0,       0,       0,       0,       0,       0,       0,       0,       0,       0,       0
    THES123_349,     PFIC1,       1,       1,       1,       0,       0,       0,       0,       0,       0,       0,       0,       0,       0,       0,       0,       0,       0,       0,       0,       0,       0,       0,       0,       0,       0,       0,       0,       0,       0,       0,       0,       0,       0,       0,       0,       0,       0,       0,       0
    THES123_350,     PFIC1,       1,       1,       1,       0,       0,       0,       0,       0,       0,       0,       0,       0,       0,       0,       0,       0,       0,       0,       0,       0,       0,       0,       0,       0,       0,       0,       0,       0,       0,       0,       0,       0,       0,       0,       0,       0,       0,       0,       0
    THES123_353,     PFIC1,       0,       1,       1,       1,       0,       0,       0,       0,       0,       0,       0,       0,       0,       0,       0,       0,       0,       0,       0,       0,       0,       0,       0,       0,       0,       0,       0,       0,       0,       0,       0,       0,       0,       0,       0,       0,       1,       1,       0
    THES123_359,     PFIC1,       0,       0,       1,       1,       0,       0,       0,       0,       0,       0,       0,       0,       0,       0,       1,       0,       0,       0,       0,       0,       0,       0,       0,       0,       0,       0,       0,       0,       0,       0,       0,       0,       0,       0,       0,       0,       0,       0,       0
    THES123_371,     PFIC1,       1,       1,       1,       0,       0,       0,       0,       0,       1,       0,       0,       1,       0,       0,       0,       0,       0,       0,       0,       0,       0,       0,       0,       0,       0,       0,       0,       0,       0,       0,       0,       0,       0,       0,       0,       0,       0,       0,       0
    THES123_372,     PFIC1,       1,       1,       1,       0,       0,       0,       0,       0,       1,       0,       0,       1,       0,       0,       0,       0,       0,       0,       0,       0,       0,       0,       0,       0,       0,       0,       0,       0,       0,       0,       0,       0,       0,       0,       0,       0,       0,       0,       0
    THES123_373,     PFIC1,       1,       1,       1,       0,       0,       0,       0,       0,       1,       0,       0,       1,       0,       0,       0,       0,       0,       0,       0,       0,       0,       0,       0,       0,       0,       0,       0,       0,       0,       0,       0,       0,       0,       0,       0,       0,       0,       0,       0
    THES123_385,     PFIC1,       1,       1,       1,       1,       0,       0,       0,       0,       1,       0,       0,       1,       0,       1,       0,       0,       0,       0,       0,       0,       0,       0,       0,       0,       0,       0,       0,       0,       0,       0,       0,       0,       0,       0,       0,       0,       0,       0,       0
    THES123_386,     PFIC1,       1,       1,       1,       1,       0,       0,       0,       0,       1,       0,       1,       1,       0,       0,       0,       0,       0,       0,       0,       0,       0,       0,       0,       0,       0,       0,       0,       0,       0,       0,       0,       0,       0,       0,       0,       0,       0,       0,       1



Disease, PFIC2; ** as reported **; unique symptoms, 37
             ID,   disease, 0001396, 0002240, 0000989, 0000952, 0001744, 0006554, 0100626, 0200148, 0001508, 0001402, 0001394, 0006580, 0001510, 0001399, 0001392, 0001405, 0001541, 0012115, 0003330, 0004297, 0030153, 0002239, 0030828, 0001397, 0200119, 0033197, 0002896, 0001409, 0000365, 0002659, 0000929, 0002170, 0000964, 0001892, 0002570, 0011029, 0000821
     THES123_54,     PFIC2,       0,       0,       0,       0,       0,       0,       1,       0,       0,       0,       0,       1,       0,       0,       0,       0,       0,       0,       0,       0,       0,       0,       0,       1,       0,       0,       0,       0,       0,       0,       0,       0,       0,       0,       0,       0,       0
     THES123_59,     PFIC2,       1,       0,       0,       0,       0,       1,       1,       0,       0,       0,       0,       1,       0,       0,       0,       0,       0,       0,       0,       0,       0,       0,       0,       0,       0,       0,       0,       0,       0,       0,       0,       0,       0,       0,       0,       0,       0
     THES123_65,     PFIC2,       0,       0,       0,       0,       0,       0,       1,       1,       0,       0,       0,       1,       0,       0,       0,       1,       0,       0,       0,       0,       0,       0,       0,       0,       0,       0,       0,       0,       0,       0,       0,       0,       0,       0,       0,       0,       0
     THES123_72,     PFIC2,       1,       0,       0,       0,       0,       1,       0,       1,       0,       0,       0,       1,       0,       0,       0,       0,       0,       0,       0,       0,       0,       0,       0,       0,       0,       0,       0,       0,       0,       0,       0,       0,       0,       0,       0,       0,       0
     THES123_79,     PFIC2,       0,       0,       0,       0,       0,       1,       0,       0,       0,       0,       0,       1,       0,       0,       0,       1,       0,       0,       0,       1,       0,       0,       0,       0,       0,       0,       0,       0,       0,       0,       0,       0,       0,       0,       0,       0,       0
     THES123_85,     PFIC2,       0,       0,       0,       0,       0,       0,       1,       0,       0,       0,       0,       1,       0,       0,       0,       1,       0,       0,       0,       1,       0,       0,       0,       0,       0,       0,       0,       0,       0,       0,       0,       0,       0,       0,       0,       0,       0
     THES123_86,     PFIC2,       0,       0,       0,       0,       0,       0,       1,       0,       0,       0,       0,       1,       0,       0,       0,       0,       0,       0,       0,       0,       0,       0,       0,       0,       0,       1,       0,       0,       0,       0,       0,       0,       0,       0,       0,       0,       0
    THES123_131,     PFIC2,       0,       1,       1,       1,       1,       0,       0,       0,       0,       1,       0,       0,       0,       1,       0,       0,       0,       0,       0,       0,       0,       0,       0,       0,       0,       0,       0,       0,       0,       0,       0,       0,       0,       0,       0,       0,       0
    THES123_132,     PFIC2,       0,       1,       1,       1,       0,       0,       0,       0,       0,       0,       0,       0,       0,       1,       0,       0,       0,       0,       0,       0,       0,       0,       0,       0,       0,       0,       0,       0,       0,       0,       0,       0,       0,       0,       0,       0,       0
    THES123_133,     PFIC2,       0,       1,       1,       1,       1,       0,       0,       0,       0,       1,       0,       0,       0,       0,       0,       0,       0,       0,       0,       0,       0,       0,       0,       0,       0,       0,       0,       0,       0,       0,       0,       0,       0,       0,       0,       0,       0
    THES123_134,     PFIC2,       0,       1,       1,       1,       0,       0,       0,       0,       0,       1,       0,       0,       0,       0,       0,       0,       0,       0,       0,       0,       0,       0,       0,       0,       0,       0,       0,       0,       0,       0,       0,       0,       0,       0,       0,       0,       0
    THES123_135,     PFIC2,       0,       1,       1,       1,       0,       0,       0,       0,       0,       0,       0,       0,       0,       0,       0,       0,       0,       0,       0,       0,       0,       0,       0,       0,       0,       0,       0,       0,       0,       0,       0,       0,       0,       0,       0,       0,       0
    THES123_148,     PFIC2,       1,       0,       1,       1,       0,       0,       0,       0,       0,       0,       0,       0,       0,       1,       0,       0,       0,       0,       0,       0,       0,       1,       0,       0,       0,       0,       0,       0,       0,       0,       0,       0,       0,       0,       0,       0,       0
    THES123_150,     PFIC2,       0,       0,       1,       1,       0,       0,       1,       0,       0,       0,       1,       0,       0,       0,       0,       0,       1,       0,       0,       0,       0,       1,       0,       0,       0,       0,       0,       1,       1,       1,       1,       0,       0,       0,       0,       0,       0
    THES123_176,     PFIC2,       1,       1,       0,       0,       1,       0,       0,       0,       0,       0,       0,       0,       0,       0,       0,       0,       0,       0,       0,       0,       0,       0,       0,       0,       0,       0,       0,       0,       0,       0,       0,       0,       0,       0,       0,       0,       0
    THES123_179,     PFIC2,       1,       1,       1,       0,       0,       0,       0,       0,       0,       0,       0,       0,       0,       0,       0,       0,       0,       0,       0,       0,       0,       0,       0,       0,       0,       0,       0,       0,       0,       0,       0,       0,       0,       0,       0,       0,       0
    THES123_181,     PFIC2,       1,       1,       0,       0,       1,       0,       0,       0,       0,       0,       0,       0,       0,       0,       0,       0,       0,       0,       0,       0,       0,       0,       0,       0,       0,       0,       0,       0,       0,       0,       0,       0,       0,       0,       0,       0,       0
    THES123_183,     PFIC2,       1,       1,       1,       0,       0,       0,       0,       0,       0,       0,       0,       0,       0,       0,       0,       0,       0,       0,       0,       0,       0,       0,       0,       0,       0,       0,       0,       0,       0,       0,       0,       0,       0,       0,       0,       0,       0
    THES123_186,     PFIC2,       1,       1,       1,       0,       1,       0,       0,       0,       0,       0,       0,       0,       0,       0,       0,       0,       0,       0,       0,       0,       0,       0,       0,       0,       0,       0,       0,       0,       0,       0,       0,       0,       0,       0,       0,       0,       0
    THES123_193,     PFIC2,       1,       1,       1,       0,       0,       0,       0,       0,       0,       0,       0,       0,       0,       0,       0,       0,       0,       0,       0,       0,       0,       0,       0,       0,       0,       0,       0,       0,       0,       0,       0,       0,       0,       0,       0,       0,       0
    THES123_196,     PFIC2,       1,       1,       1,       0,       0,       0,       0,       0,       0,       0,       0,       0,       0,       0,       0,       0,       0,       0,       0,       0,       0,       0,       0,       0,       0,       0,       0,       0,       0,       0,       0,       0,       0,       0,       0,       0,       0
    THES123_197,     PFIC2,       1,       1,       1,       0,       0,       0,       0,       0,       0,       0,       0,       0,       0,       0,       0,       0,       0,       0,       0,       0,       0,       0,       0,       0,       0,       0,       0,       0,       0,       0,       0,       0,       0,       0,       0,       0,       0
    THES123_198,     PFIC2,       1,       1,       1,       0,       1,       0,       0,       0,       0,       0,       0,       0,       0,       0,       0,       0,       0,       0,       0,       0,       0,       0,       0,       0,       0,       0,       0,       0,       0,       0,       0,       0,       0,       0,       0,       0,       0
    THES123_200,     PFIC2,       1,       1,       0,       0,       0,       0,       0,       0,       0,       0,       0,       0,       0,       0,       0,       0,       0,       0,       0,       0,       0,       0,       0,       0,       0,       0,       0,       0,       0,       0,       0,       1,       0,       0,       0,       0,       0
    THES123_201,     PFIC2,       1,       1,       1,       0,       1,       0,       0,       0,       0,       0,       0,       0,       0,       0,       0,       0,       0,       0,       0,       0,       0,       0,       0,       0,       0,       0,       0,       0,       0,       0,       0,       0,       0,       0,       0,       0,       0
    THES123_203,     PFIC2,       1,       1,       0,       0,       1,       0,       0,       0,       0,       0,       0,       0,       0,       0,       0,       0,       0,       0,       0,       0,       0,       0,       0,       0,       0,       0,       0,       0,       0,       0,       0,       0,       0,       0,       0,       0,       0
    THES123_204,     PFIC2,       1,       1,       1,       0,       0,       0,       0,       0,       0,       0,       0,       0,       0,       0,       0,       0,       0,       0,       0,       0,       0,       0,       0,       0,       0,       0,       0,       0,       0,       0,       0,       0,       0,       0,       0,       0,       0
    THES123_205,     PFIC2,       1,       1,       1,       0,       1,       0,       0,       0,       0,       0,       0,       0,       0,       0,       0,       0,       0,       0,       0,       0,       0,       0,       0,       0,       0,       0,       0,       0,       0,       0,       0,       0,       0,       0,       0,       0,       0
    THES123_234,     PFIC2,       1,       0,       1,       1,       0,       0,       0,       0,       0,       0,       0,       0,       0,       0,       0,       0,       0,       0,       0,       0,       0,       0,       0,       0,       0,       0,       0,       0,       0,       0,       0,       0,       0,       0,       0,       0,       0
    THES123_243,     PFIC2,       0,       1,       0,       1,       1,       0,       0,       0,       0,       0,       0,       0,       0,       0,       0,       0,       0,       0,       0,       0,       0,       0,       0,       0,       0,       0,       0,       0,       0,       0,       0,       0,       0,       0,       0,       0,       0
    THES123_244,     PFIC2,       0,       1,       0,       1,       0,       0,       0,       0,       1,       0,       0,       0,       0,       0,       0,       0,       0,       0,       0,       0,       0,       0,       0,       0,       0,       0,       0,       0,       0,       0,       0,       0,       0,       0,       0,       0,       0
    THES123_247,     PFIC2,       1,       1,       1,       1,       0,       0,       0,       0,       0,       0,       0,       0,       0,       0,       0,       0,       0,       0,       0,       0,       0,       0,       0,       0,       0,       0,       0,       0,       0,       0,       0,       0,       0,       0,       0,       0,       0
    THES123_250,     PFIC2,       1,       1,       1,       1,       0,       0,       0,       0,       0,       0,       0,       0,       0,       0,       0,       0,       0,       0,       0,       0,       0,       0,       0,       0,       0,       0,       0,       0,       0,       0,       0,       0,       0,       0,       0,       0,       0
    THES123_251,     PFIC2,       1,       1,       1,       1,       0,       0,       0,       0,       0,       0,       0,       0,       0,       0,       0,       0,       0,       0,       0,       0,       0,       0,       0,       0,       0,       0,       0,       0,       0,       0,       0,       0,       0,       0,       0,       0,       0
    THES123_252,     PFIC2,       1,       1,       1,       1,       0,       0,       0,       0,       0,       0,       0,       0,       0,       0,       0,       0,       0,       0,       0,       0,       0,       0,       0,       0,       0,       0,       0,       0,       0,       0,       0,       0,       0,       0,       0,       0,       0
    THES123_253,     PFIC2,       1,       1,       1,       1,       1,       0,       0,       0,       0,       0,       0,       0,       0,       0,       0,       0,       0,       0,       0,       0,       0,       0,       0,       0,       0,       0,       0,       0,       0,       0,       0,       0,       0,       0,       0,       0,       0
    THES123_281,     PFIC2,       1,       1,       1,       1,       0,       0,       0,       0,       0,       0,       0,       0,       0,       0,       0,       0,       0,       0,       0,       0,       0,       0,       0,       0,       0,       0,       0,       0,       0,       0,       0,       0,       1,       0,       0,       0,       0
    THES123_297,     PFIC2,       1,       0,       1,       1,       0,       0,       0,       0,       1,       0,       0,       0,       0,       0,       0,       0,       0,       0,       0,       0,       0,       0,       1,       0,       0,       0,       0,       0,       0,       0,       0,       0,       0,       1,       1,       0,       0
    THES123_298,     PFIC2,       1,       0,       1,       1,       0,       0,       0,       0,       0,       0,       0,       0,       0,       0,       0,       0,       1,       0,       0,       0,       0,       0,       0,       0,       0,       0,       0,       0,       0,       0,       0,       0,       0,       0,       0,       0,       0
    THES123_299,     PFIC2,       1,       0,       1,       1,       0,       0,       0,       0,       0,       0,       0,       0,       0,       0,       0,       0,       0,       0,       0,       0,       0,       0,       0,       0,       0,       0,       0,       0,       0,       0,       0,       0,       0,       0,       0,       0,       0
    THES123_339,     PFIC2,       1,       1,       1,       1,       1,       0,       0,       0,       0,       0,       1,       0,       0,       0,       0,       0,       0,       1,       0,       0,       0,       0,       0,       0,       0,       0,       0,       0,       0,       0,       0,       0,       0,       0,       0,       0,       0
    THES123_340,     PFIC2,       1,       1,       1,       1,       1,       0,       0,       0,       0,       0,       0,       0,       0,       0,       0,       0,       0,       1,       0,       0,       0,       0,       0,       0,       0,       0,       0,       0,       0,       0,       0,       0,       0,       0,       0,       0,       0
    THES123_341,     PFIC2,       0,       1,       1,       0,       1,       0,       0,       0,       1,       0,       0,       0,       0,       0,       0,       0,       0,       1,       0,       0,       0,       0,       1,       0,       0,       0,       0,       0,       0,       0,       0,       0,       0,       0,       0,       0,       0
    THES123_342,     PFIC2,       1,       0,       1,       1,       0,       0,       0,       0,       1,       0,       1,       0,       0,       0,       0,       0,       0,       0,       0,       0,       0,       0,       0,       0,       0,       0,       0,       0,       0,       0,       0,       0,       0,       0,       0,       1,       0
    THES123_343,     PFIC2,       1,       0,       1,       1,       0,       0,       0,       0,       1,       0,       0,       0,       0,       0,       0,       0,       0,       0,       0,       0,       0,       0,       0,       0,       0,       0,       0,       0,       0,       0,       0,       0,       0,       0,       0,       0,       0
    THES123_344,     PFIC2,       1,       0,       1,       1,       0,       0,       0,       0,       1,       0,       0,       0,       0,       0,       0,       0,       0,       0,       0,       0,       0,       0,       0,       0,       0,       0,       0,       0,       0,       0,       0,       0,       0,       0,       0,       0,       0
    THES123_345,     PFIC2,       1,       0,       1,       1,       0,       0,       0,       0,       1,       0,       0,       0,       0,       0,       0,       0,       0,       0,       0,       0,       0,       0,       0,       0,       0,       0,       0,       0,       0,       0,       0,       0,       0,       0,       0,       0,       0
    THES123_346,     PFIC2,       1,       0,       1,       1,       0,       0,       0,       0,       1,       0,       0,       0,       0,       0,       0,       0,       0,       0,       0,       0,       0,       0,       0,       0,       0,       0,       0,       0,       0,       0,       0,       0,       0,       0,       0,       0,       0
    THES123_347,     PFIC2,       1,       0,       1,       1,       0,       0,       0,       0,       1,       0,       0,       0,       0,       0,       0,       0,       0,       0,       0,       0,       0,       0,       0,       0,       0,       0,       0,       0,       0,       0,       0,       0,       0,       0,       0,       0,       0
    THES123_348,     PFIC2,       1,       1,       1,       1,       1,       0,       0,       0,       1,       0,       0,       0,       0,       0,       0,       0,       0,       0,       0,       0,       0,       0,       0,       0,       0,       0,       0,       0,       0,       0,       0,       0,       0,       0,       0,       0,       1
    THES123_351,     PFIC2,       1,       1,       1,       1,       1,       0,       0,       0,       1,       0,       0,       0,       0,       0,       0,       0,       0,       0,       0,       0,       0,       0,       0,       0,       0,       0,       0,       0,       0,       0,       0,       0,       0,       0,       0,       0,       0
    THES123_355,     PFIC2,       1,       1,       0,       1,       1,       0,       0,       0,       0,       0,       1,       0,       0,       0,       0,       0,       0,       0,       0,       0,       0,       0,       0,       0,       0,       0,       0,       0,       0,       0,       0,       0,       0,       0,       0,       0,       0
    THES123_357,     PFIC2,       1,       1,       0,       1,       0,       0,       0,       0,       0,       0,       0,       0,       0,       0,       0,       0,       0,       0,       0,       0,       0,       0,       0,       0,       0,       0,       0,       0,       0,       0,       0,       0,       0,       0,       0,       0,       0
    THES123_358,     PFIC2,       1,       0,       1,       1,       0,       0,       0,       0,       0,       0,       0,       0,       0,       0,       0,       0,       0,       0,       0,       0,       0,       0,       0,       0,       0,       0,       0,       0,       0,       0,       0,       0,       0,       0,       0,       0,       0
    THES123_360,     PFIC2,       1,       0,       0,       1,       0,       0,       0,       0,       1,       0,       1,       0,       0,       0,       0,       0,       0,       0,       0,       0,       0,       0,       0,       0,       0,       0,       0,       0,       0,       0,       0,       0,       0,       0,       0,       0,       0
    THES123_374,     PFIC2,       1,       0,       1,       0,       0,       0,       0,       0,       0,       1,       0,       0,       0,       0,       1,       0,       1,       0,       1,       0,       0,       0,       0,       0,       0,       0,       0,       0,       0,       0,       0,       0,       0,       0,       0,       0,       0
    THES123_375,     PFIC2,       1,       0,       1,       0,       0,       0,       0,       0,       0,       0,       0,       0,       1,       0,       1,       0,       0,       0,       0,       0,       0,       0,       0,       0,       0,       0,       0,       0,       0,       0,       0,       0,       0,       0,       0,       0,       0
    THES123_376,     PFIC2,       1,       0,       1,       0,       0,       0,       0,       0,       0,       0,       0,       0,       1,       0,       1,       0,       0,       0,       1,       0,       0,       0,       0,       0,       0,       0,       0,       0,       0,       0,       0,       0,       0,       0,       0,       0,       0
    THES123_377,     PFIC2,       1,       0,       1,       0,       0,       0,       0,       0,       0,       0,       0,       0,       1,       0,       0,       0,       0,       0,       1,       0,       0,       0,       0,       0,       0,       0,       0,       0,       0,       0,       0,       0,       0,       0,       0,       0,       0
    THES123_378,     PFIC2,       1,       0,       1,       0,       0,       0,       0,       0,       0,       1,       0,       0,       1,       0,       0,       0,       0,       0,       0,       0,       0,       0,       0,       0,       0,       0,       0,       0,       0,       0,       0,       0,       0,       0,       0,       0,       0
    THES123_379,     PFIC2,       1,       0,       1,       0,       0,       0,       0,       0,       0,       0,       0,       0,       0,       0,       1,       0,       0,       0,       0,       0,       0,       0,       0,       0,       0,       0,       0,       0,       0,       0,       0,       0,       0,       0,       0,       0,       0
    THES123_380,     PFIC2,       1,       0,       1,       1,       1,       0,       0,       0,       0,       0,       1,       0,       0,       0,       0,       0,       0,       0,       0,       0,       0,       0,       0,       0,       0,       0,       0,       0,       0,       0,       0,       0,       0,       0,       0,       0,       0
    THES123_384,     PFIC2,       1,       1,       1,       1,       0,       0,       0,       0,       0,       0,       0,       0,       0,       0,       0,       0,       0,       0,       0,       0,       0,       0,       0,       0,       0,       0,       0,       0,       0,       0,       0,       0,       0,       0,       0,       0,       0



Disease, PFIC3; ** as reported **; unique symptoms, 34
             ID,   disease, 0001396, 0002240, 0000989, 0000952, 0100626, 0001744, 0001394, 0004297, 0200148, 0001409, 0001081, 0006580, 0001892, 0006554, 0001395, 0001541, 0001402, 0100512, 0004905, 0100513, 0001873, 0030153, 0001508, 0001405, 6000063, 0200123, 0008222, 0002239, 0001263, 0002028, 0005912, 0000964, 0200119, 0030991
     THES123_10,     PFIC3,       0,       0,       0,       0,       1,       0,       1,       0,       0,       0,       0,       0,       0,       1,       1,       0,       0,       0,       0,       0,       0,       0,       0,       0,       0,       0,       0,       0,       0,       0,       0,       0,       0,       0
     THES123_12,     PFIC3,       1,       0,       0,       0,       1,       0,       0,       1,       0,       0,       0,       0,       0,       0,       1,       0,       1,       0,       0,       0,       0,       0,       0,       0,       0,       0,       0,       0,       0,       0,       0,       0,       0,       0
     THES123_14,     PFIC3,       1,       0,       0,       0,       1,       0,       0,       1,       0,       0,       0,       0,       0,       0,       1,       0,       0,       0,       0,       0,       0,       0,       0,       0,       0,       0,       0,       0,       0,       0,       0,       0,       0,       0
     THES123_16,     PFIC3,       0,       0,       0,       0,       1,       0,       0,       1,       0,       0,       0,       0,       0,       0,       1,       0,       1,       0,       0,       0,       0,       0,       0,       0,       0,       0,       0,       0,       0,       0,       0,       0,       0,       0
PFIC3_2022Nayagam59,     PFIC3,       0,       0,       0,       0,       1,       0,       0,       1,       0,       0,       0,       1,       0,       0,       0,       0,       0,       0,       0,       0,       0,       0,       0,       0,       0,       0,       0,       0,       0,       0,       0,       0,       0,       0
     THES123_27,     PFIC3,       0,       0,       0,       0,       1,       0,       0,       1,       0,       0,       0,       0,       0,       0,       1,       0,       0,       0,       0,       0,       0,       0,       0,       0,       0,       0,       0,       0,       0,       0,       0,       0,       0,       0
     THES123_31,     PFIC3,       0,       0,       0,       0,       1,       0,       0,       1,       0,       0,       0,       0,       0,       0,       0,       0,       0,       0,       0,       0,       0,       0,       0,       1,       0,       0,       0,       0,       0,       0,       0,       0,       0,       0
     THES123_32,     PFIC3,       0,       0,       0,       0,       1,       0,       1,       1,       0,       0,       0,       0,       0,       0,       0,       0,       0,       0,       0,       0,       0,       0,       0,       0,       0,       0,       0,       0,       0,       0,       0,       0,       0,       0
     THES123_42,     PFIC3,       0,       0,       0,       0,       1,       0,       0,       1,       0,       0,       0,       1,       0,       0,       0,       0,       0,       0,       0,       0,       0,       0,       0,       0,       0,       0,       0,       0,       0,       0,       0,       0,       0,       0
     THES123_43,     PFIC3,       0,       0,       0,       0,       1,       0,       0,       1,       0,       0,       0,       1,       0,       0,       0,       0,       0,       0,       0,       0,       0,       0,       0,       0,       0,       0,       0,       0,       0,       0,       0,       0,       0,       0
     THES123_44,     PFIC3,       0,       0,       0,       0,       1,       0,       0,       1,       0,       0,       0,       1,       0,       0,       0,       0,       0,       0,       0,       0,       0,       0,       0,       0,       0,       0,       0,       0,       0,       0,       0,       0,       0,       0
     THES123_47,     PFIC3,       0,       0,       0,       0,       1,       0,       0,       1,       0,       0,       0,       1,       0,       0,       0,       0,       0,       0,       0,       0,       0,       0,       0,       0,       1,       0,       0,       0,       0,       0,       0,       0,       0,       0
     THES123_49,     PFIC3,       0,       0,       0,       0,       1,       0,       0,       1,       1,       0,       0,       1,       0,       0,       0,       0,       0,       0,       0,       0,       0,       0,       0,       0,       0,       0,       0,       0,       0,       0,       0,       0,       0,       0
     THES123_50,     PFIC3,       0,       0,       0,       0,       1,       0,       0,       1,       0,       0,       0,       1,       0,       0,       0,       0,       0,       0,       0,       0,       0,       0,       0,       1,       1,       0,       0,       0,       0,       0,       0,       0,       0,       0
    THES123_163,     PFIC3,       1,       1,       0,       0,       0,       1,       0,       0,       0,       0,       0,       0,       0,       0,       0,       0,       0,       1,       1,       1,       1,       0,       0,       0,       0,       0,       0,       0,       0,       0,       0,       0,       0,       0
    THES123_164,     PFIC3,       0,       1,       1,       0,       0,       1,       0,       0,       0,       0,       0,       0,       0,       0,       0,       0,       0,       1,       1,       1,       1,       0,       0,       0,       0,       0,       0,       0,       0,       0,       0,       0,       0,       0
    THES123_165,     PFIC3,       0,       1,       0,       0,       0,       1,       0,       0,       0,       0,       0,       0,       0,       0,       0,       0,       0,       1,       1,       1,       1,       0,       0,       0,       0,       0,       0,       0,       0,       0,       0,       0,       0,       0
    THES123_166,     PFIC3,       0,       1,       1,       0,       0,       1,       0,       0,       0,       0,       0,       0,       0,       0,       0,       0,       0,       1,       1,       1,       1,       0,       0,       0,       0,       0,       0,       0,       0,       0,       0,       0,       0,       0
    THES123_206,     PFIC3,       1,       1,       1,       0,       0,       0,       0,       0,       0,       0,       0,       0,       0,       0,       0,       0,       0,       0,       0,       0,       0,       0,       0,       0,       0,       0,       0,       0,       0,       0,       0,       0,       0,       0
    THES123_210,     PFIC3,       0,       1,       1,       0,       0,       1,       0,       0,       0,       0,       0,       0,       0,       0,       0,       0,       0,       0,       0,       0,       0,       0,       0,       0,       0,       0,       0,       0,       0,       0,       0,       0,       0,       0
    THES123_211,     PFIC3,       0,       1,       1,       0,       0,       0,       0,       0,       0,       0,       0,       0,       1,       0,       0,       0,       0,       0,       0,       0,       0,       0,       0,       0,       0,       0,       0,       0,       0,       0,       0,       0,       0,       0
    THES123_215,     PFIC3,       0,       1,       1,       0,       0,       1,       0,       0,       0,       0,       0,       0,       0,       0,       0,       0,       0,       0,       0,       0,       0,       0,       0,       0,       0,       0,       0,       0,       0,       0,       0,       0,       0,       0
    THES123_217,     PFIC3,       1,       1,       1,       0,       0,       0,       0,       0,       0,       0,       0,       0,       0,       0,       0,       0,       0,       0,       0,       0,       0,       0,       0,       0,       0,       0,       0,       0,       0,       0,       0,       0,       0,       0
    THES123_218,     PFIC3,       1,       1,       1,       0,       0,       1,       0,       0,       0,       0,       0,       0,       0,       0,       0,       0,       0,       0,       0,       0,       0,       0,       0,       0,       0,       0,       0,       0,       0,       0,       0,       0,       0,       0
    THES123_219,     PFIC3,       1,       1,       1,       0,       0,       1,       0,       0,       0,       0,       0,       0,       0,       0,       0,       0,       0,       0,       0,       0,       0,       0,       0,       0,       0,       0,       0,       0,       0,       0,       0,       0,       0,       0
    THES123_223,     PFIC3,       0,       1,       1,       0,       0,       1,       0,       0,       0,       0,       0,       0,       0,       0,       0,       0,       0,       0,       0,       0,       0,       0,       0,       0,       0,       0,       0,       0,       0,       0,       0,       0,       0,       0
    THES123_227,     PFIC3,       1,       1,       1,       0,       0,       1,       0,       0,       0,       0,       0,       0,       0,       0,       0,       0,       0,       0,       0,       0,       0,       0,       0,       0,       0,       0,       0,       0,       0,       0,       0,       0,       0,       0
    THES123_230,     PFIC3,       1,       1,       1,       0,       0,       1,       0,       0,       0,       0,       0,       0,       1,       0,       0,       0,       0,       0,       0,       0,       0,       0,       0,       0,       0,       0,       0,       0,       0,       0,       0,       0,       0,       0
    THES123_231,     PFIC3,       1,       1,       1,       0,       0,       1,       0,       0,       0,       0,       0,       0,       0,       0,       0,       1,       0,       0,       0,       0,       0,       0,       0,       0,       0,       0,       0,       0,       0,       0,       0,       0,       0,       0
    THES123_235,     PFIC3,       1,       0,       0,       1,       0,       1,       1,       0,       0,       1,       0,       0,       0,       0,       0,       0,       0,       0,       0,       0,       0,       0,       0,       0,       0,       0,       0,       1,       0,       0,       0,       0,       0,       0
    THES123_248,     PFIC3,       1,       1,       0,       1,       0,       1,       0,       0,       0,       0,       0,       0,       1,       0,       0,       1,       0,       0,       0,       0,       0,       0,       1,       0,       0,       0,       0,       0,       1,       0,       0,       0,       0,       0
    THES123_254,     PFIC3,       1,       1,       1,       1,       0,       0,       0,       0,       0,       0,       0,       0,       0,       0,       0,       0,       0,       0,       0,       0,       0,       0,       0,       0,       0,       0,       0,       0,       0,       0,       0,       0,       0,       0
    THES123_255,     PFIC3,       1,       1,       1,       1,       0,       0,       0,       0,       0,       0,       0,       0,       0,       0,       0,       0,       0,       0,       0,       0,       0,       0,       0,       0,       0,       0,       0,       0,       0,       0,       0,       0,       0,       0
    THES123_257,     PFIC3,       1,       1,       1,       1,       0,       0,       0,       0,       0,       0,       0,       0,       0,       0,       0,       0,       0,       0,       0,       0,       0,       0,       0,       0,       0,       0,       0,       0,       0,       0,       0,       0,       0,       0
    THES123_279,     PFIC3,       1,       1,       1,       0,       0,       1,       0,       0,       0,       1,       0,       0,       0,       0,       0,       1,       0,       0,       0,       0,       0,       0,       1,       0,       0,       0,       0,       0,       0,       1,       0,       0,       0,       0
    THES123_288,     PFIC3,       1,       0,       1,       1,       0,       1,       0,       0,       0,       0,       0,       0,       0,       0,       0,       0,       0,       0,       0,       0,       0,       0,       0,       0,       0,       0,       0,       0,       0,       0,       1,       1,       0,       0
    THES123_300,     PFIC3,       1,       0,       0,       1,       0,       0,       0,       0,       0,       0,       0,       0,       0,       0,       0,       0,       0,       0,       0,       0,       0,       0,       1,       0,       0,       0,       0,       0,       0,       0,       0,       0,       0,       0
    THES123_301,     PFIC3,       1,       0,       1,       1,       0,       0,       0,       0,       0,       0,       0,       0,       1,       0,       0,       0,       0,       0,       0,       0,       0,       0,       0,       0,       0,       0,       0,       0,       0,       0,       0,       0,       0,       0
    THES123_305,     PFIC3,       1,       0,       0,       1,       0,       0,       1,       0,       0,       0,       0,       0,       0,       0,       0,       0,       0,       0,       0,       0,       0,       0,       0,       0,       0,       0,       0,       0,       0,       0,       0,       0,       0,       0
    THES123_306,     PFIC3,       1,       0,       0,       1,       0,       0,       1,       0,       0,       0,       0,       0,       0,       0,       0,       0,       0,       0,       0,       0,       0,       0,       0,       0,       0,       0,       0,       0,       0,       0,       0,       0,       0,       0
    THES123_307,     PFIC3,       1,       0,       0,       0,       0,       0,       1,       0,       0,       0,       1,       0,       0,       0,       0,       0,       0,       0,       0,       0,       0,       0,       0,       0,       0,       0,       0,       0,       0,       0,       0,       0,       0,       0
    THES123_308,     PFIC3,       1,       0,       0,       1,       0,       0,       1,       0,       0,       0,       0,       0,       0,       0,       0,       0,       0,       0,       0,       0,       0,       0,       0,       0,       0,       0,       0,       0,       0,       0,       0,       0,       0,       0
    THES123_311,     PFIC3,       1,       0,       0,       1,       0,       0,       1,       0,       0,       0,       0,       0,       0,       0,       0,       0,       0,       0,       0,       0,       0,       0,       0,       0,       0,       0,       0,       0,       0,       0,       0,       0,       0,       0
    THES123_312,     PFIC3,       1,       0,       0,       1,       0,       0,       1,       0,       0,       0,       0,       0,       0,       0,       0,       0,       0,       0,       0,       0,       0,       0,       0,       0,       0,       0,       0,       0,       0,       0,       0,       0,       0,       0
    THES123_321,     PFIC3,       1,       0,       0,       1,       0,       0,       1,       0,       0,       0,       0,       0,       0,       0,       0,       0,       0,       0,       0,       0,       0,       0,       0,       0,       0,       0,       0,       0,       0,       0,       0,       0,       0,       0
    THES123_322,     PFIC3,       1,       0,       0,       1,       0,       0,       1,       0,       0,       0,       0,       0,       0,       0,       0,       0,       0,       0,       0,       0,       0,       0,       0,       0,       0,       0,       0,       0,       0,       0,       0,       0,       0,       0
    THES123_323,     PFIC3,       1,       0,       0,       1,       0,       0,       1,       0,       0,       0,       0,       0,       0,       0,       0,       0,       0,       0,       0,       0,       0,       0,       0,       0,       0,       0,       0,       0,       0,       0,       0,       0,       0,       0
    THES123_324,     PFIC3,       1,       0,       0,       1,       0,       0,       1,       0,       0,       0,       1,       0,       0,       0,       0,       0,       0,       0,       0,       0,       0,       0,       0,       0,       0,       0,       0,       0,       0,       0,       0,       0,       0,       0
    THES123_326,     PFIC3,       1,       0,       0,       1,       0,       0,       1,       0,       0,       0,       0,       0,       0,       0,       0,       0,       0,       0,       0,       0,       0,       0,       0,       0,       0,       0,       0,       0,       0,       0,       0,       0,       0,       0
    THES123_327,     PFIC3,       1,       0,       0,       0,       0,       0,       1,       0,       0,       0,       1,       0,       0,       0,       0,       0,       0,       0,       0,       0,       0,       0,       0,       0,       0,       0,       0,       0,       0,       0,       0,       0,       0,       0
    THES123_328,     PFIC3,       1,       0,       0,       1,       0,       0,       1,       0,       0,       0,       1,       0,       0,       0,       0,       0,       0,       0,       0,       0,       0,       0,       0,       0,       0,       0,       0,       0,       0,       0,       0,       0,       0,       0
    THES123_334,     PFIC3,       1,       1,       1,       0,       0,       1,       1,       0,       0,       1,       1,       0,       0,       0,       0,       0,       1,       0,       0,       0,       0,       0,       0,       0,       0,       0,       0,       0,       0,       0,       0,       0,       0,       0
    THES123_335,     PFIC3,       1,       1,       0,       0,       0,       1,       1,       0,       0,       1,       0,       0,       0,       0,       0,       0,       0,       0,       0,       0,       0,       0,       0,       0,       0,       0,       0,       0,       0,       0,       0,       0,       0,       0
    THES123_336,     PFIC3,       1,       1,       0,       0,       0,       1,       0,       0,       0,       0,       0,       0,       0,       0,       0,       0,       0,       0,       0,       0,       0,       0,       0,       0,       0,       0,       0,       0,       0,       0,       0,       0,       0,       0
    THES123_337,     PFIC3,       1,       1,       1,       0,       0,       1,       0,       0,       0,       0,       0,       0,       0,       0,       0,       0,       0,       0,       0,       0,       0,       0,       0,       0,       0,       0,       0,       0,       0,       0,       0,       0,       0,       0
    THES123_338,     PFIC3,       1,       0,       0,       1,       0,       1,       1,       0,       0,       1,       0,       0,       0,       0,       0,       1,       0,       0,       0,       0,       0,       0,       0,       0,       0,       0,       0,       0,       0,       0,       0,       0,       0,       0
    THES123_352,     PFIC3,       1,       0,       1,       1,       0,       0,       0,       0,       0,       0,       0,       0,       0,       0,       0,       0,       0,       0,       0,       0,       0,       0,       0,       0,       0,       0,       0,       0,       0,       0,       0,       0,       1,       1
    THES123_354,     PFIC3,       1,       1,       0,       1,       0,       1,       1,       0,       0,       0,       0,       0,       0,       0,       0,       1,       0,       0,       0,       0,       0,       0,       0,       0,       0,       0,       0,       0,       0,       0,       0,       0,       0,       0
    THES123_361,     PFIC3,       1,       1,       1,       1,       0,       1,       1,       0,       0,       0,       0,       0,       0,       0,       0,       0,       0,       0,       0,       0,       0,       0,       0,       0,       0,       0,       0,       0,       0,       0,       0,       0,       0,       0
    THES123_362,     PFIC3,       1,       1,       1,       1,       0,       1,       1,       0,       0,       1,       0,       0,       0,       0,       0,       0,       0,       0,       0,       0,       0,       0,       0,       0,       0,       0,       0,       0,       0,       0,       0,       0,       0,       0
    THES123_363,     PFIC3,       1,       0,       0,       0,       0,       1,       0,       0,       0,       1,       0,       0,       0,       0,       0,       0,       0,       0,       0,       0,       0,       0,       0,       0,       0,       0,       0,       0,       0,       0,       0,       0,       0,       0
    THES123_370,     PFIC3,       1,       1,       0,       1,       0,       1,       0,       0,       0,       0,       0,       0,       0,       0,       0,       0,       0,       0,       0,       0,       0,       0,       0,       0,       0,       0,       0,       0,       0,       0,       0,       0,       0,       0
    THES123_381,     PFIC3,       1,       1,       1,       1,       0,       1,       1,       0,       0,       1,       0,       0,       0,       0,       0,       0,       0,       0,       0,       0,       0,       0,       0,       0,       0,       0,       0,       0,       0,       0,       0,       0,       0,       0
    THES123_382,     PFIC3,       1,       1,       1,       1,       0,       1,       0,       0,       0,       1,       0,       0,       0,       0,       0,       0,       0,       0,       0,       0,       0,       0,       0,       0,       0,       0,       0,       0,       0,       0,       0,       0,       0,       0
    THES123_383,     PFIC3,       1,       1,       1,       1,       0,       1,       0,       0,       0,       1,       0,       0,       0,       0,       0,       0,       0,       0,       0,       0,       0,       0,       0,       0,       0,       0,       0,       0,       0,       0,       0,       0,       0,       0



Disease, PFIC4; ** as reported **; unique symptoms, 39
             ID,   disease, 0000952, 0001396, 0031964, 0000989, 0100626, 0031956, 0002240, 0012202, 0001744, 0002908, 0003155, 0001394, 0030948, 0001409, 0001402, 0001399, 0200148, 0001541, 0000365, 0002239, 0001081, 0002904, 0001873, 0006829, 0045056, 0001919, 0000407, 0012115, 0001395, 0001510, 0001999, 0100309, 0002093, 0002086, 0002027, 0006554, 0020062, 0030169, 6000385
      PFIC4_004,     PFIC4,       1,       0,       0,       0,       1,       0,       0,       0,       0,       0,       0,       1,       0,       0,       1,       0,       0,       1,       0,       0,       0,       0,       0,       1,       1,       0,       0,       0,       0,       0,       0,       0,       0,       0,       0,       0,       0,       0,       0
      PFIC4_005,     PFIC4,       1,       0,       0,       0,       0,       0,       0,       0,       0,       0,       0,       0,       0,       0,       0,       0,       0,       0,       1,       0,       0,       0,       0,       0,       0,       1,       1,       0,       0,       0,       0,       0,       0,       0,       0,       0,       0,       0,       0
      PFIC4_007,     PFIC4,       1,       0,       1,       0,       0,       1,       0,       0,       0,       1,       0,       0,       1,       0,       0,       0,       0,       0,       0,       0,       0,       0,       0,       0,       0,       0,       0,       1,       1,       0,       0,       0,       0,       0,       0,       0,       0,       0,       0
      PFIC4_009,     PFIC4,       0,       0,       0,       0,       0,       0,       0,       0,       1,       0,       0,       1,       0,       0,       0,       1,       0,       0,       0,       0,       0,       0,       0,       0,       0,       0,       0,       0,       0,       0,       0,       0,       0,       0,       0,       0,       0,       0,       0
      PFIC4_010,     PFIC4,       1,       0,       0,       0,       0,       0,       1,       0,       1,       0,       0,       0,       0,       0,       1,       1,       0,       0,       0,       0,       0,       0,       0,       0,       0,       0,       0,       0,       0,       0,       0,       0,       0,       0,       0,       0,       0,       0,       0
      PFIC4_011,     PFIC4,       1,       0,       0,       1,       0,       0,       1,       0,       1,       0,       0,       0,       0,       0,       0,       0,       0,       0,       1,       0,       0,       0,       0,       0,       0,       0,       0,       0,       0,       0,       0,       0,       0,       0,       0,       0,       0,       0,       0
      PFIC4_012,     PFIC4,       1,       0,       0,       1,       0,       0,       1,       0,       1,       0,       0,       1,       0,       1,       0,       0,       0,       0,       0,       1,       0,       0,       0,       0,       0,       0,       0,       0,       0,       0,       0,       0,       0,       0,       0,       0,       0,       0,       0
      PFIC4_013,     PFIC4,       1,       0,       0,       1,       0,       0,       1,       0,       0,       0,       0,       0,       0,       0,       0,       0,       0,       0,       0,       0,       1,       0,       0,       0,       0,       0,       0,       0,       0,       0,       0,       0,       0,       0,       0,       0,       0,       0,       0
      PFIC4_014,     PFIC4,       1,       0,       0,       1,       0,       0,       1,       0,       1,       0,       0,       0,       0,       0,       0,       0,       0,       0,       0,       0,       0,       0,       0,       0,       0,       0,       0,       0,       0,       0,       0,       0,       0,       0,       0,       0,       0,       0,       0
      PFIC4_015,     PFIC4,       1,       0,       0,       1,       0,       0,       1,       0,       0,       0,       0,       0,       0,       0,       0,       0,       0,       0,       0,       0,       1,       0,       0,       0,       0,       0,       0,       0,       0,       0,       0,       0,       0,       0,       0,       0,       0,       0,       0
      PFIC4_016,     PFIC4,       1,       0,       0,       1,       0,       0,       1,       0,       0,       0,       0,       0,       0,       0,       0,       0,       0,       0,       0,       0,       0,       0,       0,       0,       0,       0,       0,       0,       0,       0,       0,       0,       0,       0,       0,       0,       0,       0,       0
      PFIC4_017,     PFIC4,       1,       0,       0,       1,       0,       0,       1,       0,       0,       0,       0,       0,       0,       0,       0,       0,       0,       0,       0,       0,       0,       0,       0,       0,       0,       0,       0,       0,       0,       0,       0,       0,       0,       0,       0,       0,       0,       0,       0
      PFIC4_018,     PFIC4,       1,       0,       0,       1,       0,       0,       1,       0,       1,       0,       0,       0,       0,       0,       0,       0,       0,       0,       0,       0,       0,       0,       0,       0,       0,       0,       0,       0,       0,       0,       0,       0,       0,       0,       0,       0,       0,       0,       0
      PFIC4_019,     PFIC4,       1,       0,       0,       1,       0,       0,       1,       0,       1,       0,       0,       0,       0,       0,       0,       0,       0,       0,       0,       0,       0,       0,       0,       0,       0,       0,       0,       0,       0,       0,       0,       0,       0,       0,       0,       0,       0,       0,       0
      PFIC4_021,     PFIC4,       1,       0,       1,       1,       0,       1,       1,       0,       1,       1,       0,       0,       0,       0,       0,       0,       0,       0,       0,       0,       0,       0,       0,       0,       0,       0,       0,       0,       0,       1,       1,       0,       0,       0,       0,       0,       0,       0,       0
      PFIC4_024,     PFIC4,       0,       0,       1,       1,       0,       1,       0,       1,       0,       0,       0,       0,       0,       0,       0,       0,       1,       0,       0,       0,       0,       0,       0,       0,       0,       0,       0,       0,       0,       0,       0,       0,       0,       0,       0,       0,       0,       0,       0
      PFIC4_025,     PFIC4,       0,       0,       1,       1,       0,       1,       0,       1,       0,       0,       0,       0,       0,       0,       0,       0,       1,       0,       0,       0,       0,       0,       0,       0,       0,       0,       0,       0,       0,       0,       0,       0,       0,       0,       0,       0,       0,       0,       0
      PFIC4_026,     PFIC4,       0,       0,       1,       1,       0,       1,       0,       1,       0,       0,       0,       0,       0,       0,       0,       0,       1,       0,       0,       0,       0,       0,       0,       0,       0,       0,       0,       0,       0,       0,       0,       0,       0,       0,       0,       0,       0,       0,       0
      PFIC4_027,     PFIC4,       1,       1,       1,       0,       0,       1,       0,       1,       0,       1,       0,       0,       0,       0,       0,       0,       0,       0,       0,       0,       0,       0,       0,       0,       0,       0,       0,       0,       0,       0,       0,       0,       0,       0,       0,       0,       0,       0,       0
      PFIC4_028,     PFIC4,       1,       1,       1,       0,       0,       1,       0,       1,       0,       1,       0,       0,       0,       0,       0,       0,       0,       0,       0,       0,       0,       0,       0,       0,       0,       0,       0,       0,       0,       0,       0,       0,       0,       0,       0,       0,       0,       0,       0
      PFIC4_029,     PFIC4,       1,       1,       1,       0,       0,       1,       0,       1,       0,       1,       0,       0,       0,       0,       0,       0,       0,       0,       0,       0,       0,       0,       0,       0,       0,       0,       0,       0,       0,       0,       0,       0,       0,       0,       0,       0,       0,       0,       0
      PFIC4_030,     PFIC4,       1,       1,       1,       0,       0,       1,       0,       1,       0,       1,       0,       0,       0,       0,       0,       0,       0,       0,       0,       0,       0,       0,       0,       0,       0,       0,       0,       0,       0,       0,       0,       0,       0,       0,       0,       0,       0,       0,       0
      PFIC4_031,     PFIC4,       1,       1,       1,       0,       0,       1,       0,       1,       0,       1,       0,       0,       0,       0,       0,       0,       0,       0,       0,       0,       0,       0,       0,       0,       0,       0,       0,       0,       0,       0,       0,       0,       0,       0,       0,       0,       0,       0,       0
      PFIC4_032,     PFIC4,       1,       1,       1,       0,       0,       1,       0,       1,       0,       1,       0,       0,       0,       0,       0,       0,       0,       0,       0,       0,       0,       0,       0,       0,       0,       0,       0,       0,       0,       0,       0,       0,       0,       0,       0,       0,       0,       0,       0
      PFIC4_033,     PFIC4,       1,       1,       1,       0,       0,       1,       0,       1,       0,       1,       0,       0,       0,       0,       0,       0,       0,       0,       0,       0,       0,       0,       0,       0,       0,       0,       0,       0,       0,       0,       0,       0,       0,       0,       0,       0,       0,       0,       0
      PFIC4_038,     PFIC4,       0,       1,       0,       0,       1,       0,       0,       0,       0,       0,       0,       0,       0,       0,       0,       0,       0,       0,       0,       0,       0,       0,       0,       0,       0,       0,       0,       0,       0,       0,       0,       1,       0,       0,       0,       0,       0,       0,       0
      PFIC4_044,     PFIC4,       0,       1,       0,       0,       1,       0,       0,       0,       0,       0,       0,       0,       0,       0,       0,       0,       0,       0,       0,       0,       0,       0,       0,       0,       0,       0,       0,       0,       0,       0,       0,       0,       1,       1,       0,       0,       0,       0,       0
PFIC4_Wei2020P2.1,     PFIC4,       1,       1,       1,       1,       1,       0,       0,       1,       1,       0,       1,       1,       0,       0,       0,       0,       0,       1,       0,       0,       0,       1,       1,       0,       0,       0,       0,       0,       0,       0,       0,       0,       0,       0,       1,       1,       0,       0,       0
PFIC4_Wei2020P2.5,     PFIC4,       1,       0,       1,       0,       1,       0,       0,       0,       1,       0,       1,       0,       0,       1,       1,       0,       0,       0,       0,       1,       0,       1,       1,       0,       0,       0,       0,       0,       0,       0,       0,       0,       0,       0,       0,       0,       1,       1,       1



Disease, PFIC5; ** as reported **; unique symptoms, 50
             ID,   disease, 0001987, 0001396, 0000952, 0100626, 0002908, 0031956, 0031964, 0001943, 0001508, 0008151, 0006254, 0003256, 0001394, 0001395, 0011892, 0003125, 0001744, 0002240, 0002202, 0045056, 0001399, 0003225, 0006583, 0012202, 0001541, 0001409, 0000938, 0001873, 0003270, 0030948, 0002098, 0002099, 0012759, 0001941, 0000093, 0003155, 0002254, 0012101, 0003124, 0000480, 0011880, 0003316, 0001631, 0000023, 0045057, 0045058, 0001977, 0001789, 0045059, 0030746
      PFIC5_001,     PFIC5,       1,       1,       1,       1,       1,       1,       1,       1,       0,       1,       1,       0,       1,       0,       1,       1,       1,       1,       0,       0,       0,       1,       0,       0,       0,       0,       1,       1,       1,       1,       0,       0,       0,       0,       0,       0,       0,       0,       0,       0,       0,       0,       0,       0,       0,       0,       0,       0,       0,       0
      PFIC5_002,     PFIC5,       1,       1,       1,       1,       1,       1,       1,       1,       1,       0,       0,       0,       0,       0,       1,       0,       0,       0,       1,       0,       0,       0,       1,       0,       0,       0,       0,       0,       0,       0,       1,       0,       0,       0,       0,       0,       0,       0,       0,       0,       0,       0,       0,       0,       0,       0,       0,       0,       0,       0
      PFIC5_003,     PFIC5,       1,       1,       1,       1,       1,       1,       1,       0,       1,       0,       0,       0,       0,       0,       1,       0,       1,       1,       1,       1,       0,       0,       1,       0,       0,       0,       0,       0,       0,       0,       0,       1,       0,       0,       0,       0,       0,       0,       0,       0,       0,       0,       0,       0,       0,       0,       0,       0,       0,       0
      PFIC5_004,     PFIC5,       1,       0,       1,       1,       1,       1,       1,       0,       1,       1,       1,       0,       1,       0,       0,       1,       0,       0,       0,       0,       0,       0,       0,       1,       1,       1,       0,       0,       0,       0,       0,       0,       1,       1,       1,       1,       1,       1,       1,       0,       0,       0,       0,       0,       0,       0,       0,       0,       0,       0
      PFIC5_005,     PFIC5,       0,       1,       1,       1,       0,       0,       0,       0,       0,       0,       0,       1,       1,       0,       0,       0,       1,       1,       0,       1,       0,       0,       0,       0,       0,       1,       0,       0,       0,       0,       0,       0,       0,       0,       0,       0,       0,       0,       0,       1,       1,       1,       1,       1,       0,       0,       0,       0,       0,       0
      PFIC5_006,     PFIC5,       1,       1,       1,       1,       1,       1,       1,       1,       1,       1,       1,       1,       1,       1,       0,       1,       0,       0,       0,       1,       1,       1,       0,       1,       0,       0,       0,       0,       0,       0,       0,       0,       0,       0,       0,       0,       0,       0,       0,       0,       0,       0,       0,       0,       0,       0,       0,       0,       0,       0
      PFIC5_007,     PFIC5,       1,       1,       1,       1,       1,       1,       1,       1,       1,       1,       1,       1,       0,       1,       0,       0,       0,       0,       0,       0,       1,       0,       0,       0,       0,       0,       0,       0,       0,       0,       0,       0,       0,       0,       0,       0,       0,       0,       0,       0,       0,       0,       0,       0,       1,       0,       0,       0,       0,       0
      PFIC5_008,     PFIC5,       1,       1,       1,       1,       1,       1,       1,       1,       1,       1,       1,       1,       0,       1,       0,       0,       0,       0,       0,       0,       1,       0,       0,       0,       0,       0,       0,       0,       0,       0,       0,       0,       0,       0,       0,       0,       0,       0,       0,       0,       0,       0,       0,       0,       0,       1,       0,       0,       0,       0
      PFIC5_009,     PFIC5,       1,       1,       0,       0,       0,       0,       0,       1,       0,       0,       0,       1,       0,       1,       0,       0,       0,       0,       1,       0,       0,       0,       0,       0,       1,       0,       0,       0,       0,       0,       0,       0,       0,       0,       0,       0,       0,       0,       0,       0,       0,       0,       0,       0,       0,       0,       1,       1,       1,       1



Disease, PFIC6; ** as reported **; unique symptoms, 28
             ID,   disease, 0100512, 0002014, 0008151, 0002901, 0002028, 0011473, 0031956, 0004905, 0002748, 0002090, 0100513, 0002069, 0011892, 0001508, 0100508, 0001643, 0002904, 0030948, 0100509, 0003472, 0100510, 0001396, 0003155, 0001405, 0002908, 0001395, 0006580, 0000952
      PFIC6_001,     PFIC6,       1,       1,       1,       1,       1,       1,       1,       1,       1,       1,       1,       0,       1,       1,       1,       1,       0,       0,       0,       0,       0,       0,       0,       0,       0,       0,       0,       0
      PFIC6_002,     PFIC6,       1,       1,       1,       1,       1,       1,       1,       1,       1,       1,       1,       1,       0,       0,       0,       0,       0,       0,       1,       1,       0,       0,       0,       0,       0,       0,       0,       0
      PFIC6_003,     PFIC6,       1,       1,       0,       1,       1,       1,       0,       0,       0,       0,       0,       1,       0,       0,       0,       0,       0,       0,       0,       0,       1,       0,       0,       0,       0,       0,       0,       0
PFIC6_2020Gao01,     PFIC6,       1,       1,       1,       0,       0,       0,       0,       0,       0,       0,       0,       0,       0,       0,       0,       0,       1,       1,       0,       0,       0,       1,       1,       1,       1,       1,       1,       1



